                -66.5404868783
         -0.000218483       0.000088461       0.000119225
          0.000088462      -0.000086517      -0.000116968
          0.000119225      -0.000116968      -0.000158386
           6
  1     8       0.059733110      -0.018574583      -0.012016616  O
  1     8      -0.052232303       0.008386673       0.006147857  O
  2     1       2.824330645      -1.915268681      -2.593841009  H
  2     1      -2.065633482       2.041470512       2.764237453  H
  2     1      -0.730180340      -0.124675226      -0.169857822  H
  2     1      -0.036387295       0.009168564       0.004989240  H
